37.83921876809304 55.7193459567919
37.83473192517633 55.70810090774931
37.829238761113814 55.69724407195986
37.831642020391165 55.68366876734372
37.83610521619195 55.669700658007486
37.8383856841256 55.6659103458544
37.83946452242061 55.660664082392444
37.83903536897822 55.65712193763409
37.83757624727413 55.65532648107546
37.833271425671235 55.64985428343156
37.81902353138412 55.64043759276483
37.80249829126362 55.62977493982041
37.79312605872977 55.623927390970216
37.78213973060476 55.61829332258437
37.76289039997828 55.607578824427165
37.75009011386011 55.60087877213824
37.729698318618624 55.592113861756566
37.68790751265551 55.576148472310116
37.68129567076146 55.573569554899045
37.6736538606057 55.57235213696064
37.6594059663186 55.57235213696064
37.64108018564943 55.5734956425265
37.60792988489085 55.57513684461624
37.5940236172372 55.576731396130214
37.58413468410468 55.57823702489491
37.5684415846791 55.582157696824524
37.51614364928179 55.594637756704856
37.508590548695864 55.5980397829262
37.50282966519838 55.60180733775831
37.48583518888002 55.616576990349664
37.474896081561994 55.625913163598675
37.45925335986565 55.63906112200004
37.43251364709049 55.66187989189224
37.42444556237368 55.672552569012396
37.416596831165 55.683098025899795
37.412991942249 55.691049966602016
37.40053086743835 55.70065818597776
37.389029555182475 55.70947882194096
37.38645463452818 55.712870841834764
37.376197470728854 55.7327353483892
37.36961847440561 55.74593643647606
37.3689318288978 55.76374874733861
37.37004283040212 55.78520775786981
37.372274428302504 55.78985053638126
37.38085749715015 55.797974061752726
37.38716765731916 55.80563093587759
37.38973771449997 55.812842316267044
37.39574586269335 55.83274945506917
37.396136426972625 55.83845250238737
37.39235987667965 55.84463425140999
37.39148966231463 55.84781123138339
37.394583851286164 55.85369540134933
37.39839293701158 55.86091009007412
37.404421940324184 55.86675204645565
37.410866285205834 55.87064858617418
37.444620687980326 55.88179148997607
37.46024187328304 55.882852858653806
37.47036989452329 55.884010682155996
37.48047868400754 55.88666862965345
37.49275192948214 55.890531726006564
37.52432691617172 55.90441048777023
37.53462659878891 55.9071105151014
37.548874493076006 55.908460457981576
37.57620877391465 55.91109840235763
37.58811526746486 55.909864913929546
37.61510369506616 55.902546260959305
37.63261366109328 55.89911085392049
37.66215034082985 55.8957091858666
37.69069702089017 55.89472756720872
37.698995064010845 55.89384618304692
37.704659889450284 55.89288157806848
37.71887001676201 55.88582527623213
37.740978372932545 55.874813636614554
37.784303158207976 55.85245738138929
37.82665631287205 55.8306971693439
37.833866090704085 55.826059281030645
37.83764264099706 55.82064770940539
37.83937052685129 55.80868736586563
37.84246988691674 55.7801035149326
37.84327852754703 55.77138467434886
37.84157504980235 55.744275246577246
37.8399290607168 55.73058775529957
37.83800294383327 55.71339881550702
37.83921876809304 55.7193459567919
