37.26943060938635 55.7369769038287
37.2682639955443 55.738573276929735
37.27568045054981 55.7397337902811
37.281586968957264 55.743749339511304
37.292756275611275 55.74427540864251
37.289420195912875 55.74973954116227
37.29246953861476 55.753392435899066
37.29654884958072 55.75564135377593
37.30431888014991 55.756196131742385
37.30964508935946 55.74970612829504
37.31110891758702 55.7481049011467
37.31948211623745 55.74955353319774
37.327855314888154 55.74984030652958
37.33684843276792 55.75392883164949
37.34481158238639 55.759468871210494
37.36556350458714 55.76418547583911
37.35807713027979 55.76788539881571
37.359402242799824 55.774290857541324
37.34419968463674 55.78168159083284
37.35087342573117 55.787319392154046
37.356688859941094 55.792980551967226
37.3444903758744 55.7981799952477
37.322254964407485 55.80135960019916
37.312939703131825 55.80009696003844
37.3157493423915 55.79912719129919
37.32131695041242 55.79796541405164
37.314273140592064 55.793467965523
37.31100872774746 55.79179933342729
37.31607131502662 55.78733797144093
37.33267884157619 55.782688757856036
37.326734710563706 55.776590804390764
37.311488856605536 55.779104736582134
37.31021740057378 55.78394094617613
37.29912778516153 55.78618974315821
37.289497291453934 55.788873657636536
37.29244099360834 55.79699719598242
37.28970714094988 55.80207356737276
37.30168688667902 55.80383804049303
37.31606989168557 55.802991999395196
37.32267966482931 55.80338505089626
37.350747110091945 55.815281791146475
37.35613106270121 55.81729363473794
37.32301009142663 55.819002139041345
37.31731462969116 55.822641878241825
37.31199668689432 55.81871630881441
37.301183800090584 55.82549936396988
37.305820437212795 55.829286114727395
37.303155490218515 55.831378000595
37.29442853721039 55.82692079597484
37.28658681999746 55.82834698458095
37.287815802699214 55.83273148211868
37.28483908166588 55.834893599417825
37.29074206539094 55.83663442904185
37.29209602262643 55.83905135863859
37.30154164614465 55.84031099275433
37.30673546474406 55.83963581300262
37.30901103993446 55.835676208919416
37.32072799085809 55.83722282609024
37.34510665496606 55.82093018286644
37.35798400681813 55.82019334736952
37.345458223461875 55.832151206172114
37.34890244532353 55.834228579736184
37.34054183185112 55.83963400269547
37.34954223992775 55.84013733595111
37.35331208469844 55.842346090867146
37.3449798023935 55.84653460661439
37.342048147940574 55.84988901602146
37.34219298722775 55.85785212181417
37.34703169229081 55.86122516017947
37.35719587948982 55.864595797928104
37.365300675186525 55.86818553752992
37.37126165607511 55.86815033888102
37.37647374441899 55.86827752447718
37.376161545183 55.86824459405917
37.36304501160441 55.87339177742331
37.356590142736316 55.88172284569301
37.36043495648556 55.8845530079639
37.37028791842779 55.88694882114267
37.382342738351156 55.878634843935124
37.388561071457495 55.88305735867602
37.378557404441835 55.88595985338979
37.37947788843872 55.89204155879114
37.38168583276299 55.89551810667247
37.3711179292444 55.89609080469691
37.36815140607412 55.89881251137838
37.37908945443704 55.89979806551818
37.385006407523875 55.90003616197424
37.38470331790518 55.90623067500935
37.38920674684122 55.912520607423026
37.39787028195889 55.91591599178015
37.39945546748678 55.91621574738447
37.39338166579332 55.91990295290003
37.4085938748421 55.92257775020016
37.416480179277244 55.92170088939285
37.42038041615061 55.92029853109174
37.42256403925445 55.91831773703478
37.42034249963824 55.9111983000848
37.42090542825538 55.90857822020271
37.428482501084474 55.90562884048757
37.446971520744604 55.90100059703325
37.45378933578093 55.91570059238932
37.46083254530375 55.911866773840835
37.46761571622724 55.90671954727696
37.47130898236568 55.910828765722904
37.46406979144497 55.92292646865022
37.473238968567664 55.92856431713455
37.47756606506357 55.93253930194897
37.491334537291905 55.93290048002771
37.48124943139615 55.9453773116063
37.48197980768644 55.95123220733641
37.4880515134582 55.9561166786691
37.498243907714205 55.96001678443497
37.51286731126343 55.9631702850849
37.52354250314275 55.96454233839806
37.53305054365072 55.967483547920324
37.53317871674357 55.959394392498524
37.538456731145025 55.94956981559134
37.546830930752805 55.93486211760252
37.54387547948209 55.917256893417196
37.59244936873892 55.9268624923418
37.60021547594053 55.93938113172794
37.62074968310568 55.93918428119998
37.629815157050174 55.93417188009105
37.64368714954879 55.93725315244887
37.65394234671625 55.941002337228404
37.65928367337593 55.92900220823283
37.68110449222398 55.925095221788666
37.68635007620827 55.92034628078449
37.703268633825715 55.92215173797592
37.713835720495496 55.9255474157377
37.72268619339582 55.93154474177122
37.72811335074431 55.934239129809804
37.7359437673703 55.93519896011346
37.74699283481383 55.93300305593141
37.75297789163729 55.93196341345178
37.754600820751 55.92570464325878
37.763090204942905 55.92040879960861
37.77072520923361 55.9157964137988
37.778188552147476 55.91079781093297
37.75380208218237 55.898927767313
37.76727885050886 55.892532766718894
37.77470388017949 55.88277431484751
37.73882275020091 55.88027723470296
37.73392844986018 55.87854614971604
37.79323550450005 55.84766045550131
37.8210703449926 55.833539063721844
37.84890518548588 55.842890148238915
37.847188571715634 55.83095988148872
37.85079346063123 55.82673269062609
37.876628497862434 55.82655151499583
37.895382503294805 55.83274120232536
37.90074692132472 55.82704672639415
37.916303733611166 55.82951664962142
37.91778431298739 55.83758960294561
37.93411360146959 55.841990676309585
37.946054796004496 55.84554316688555
37.95425699117215 55.84239363024463
37.958787242198134 55.844537365229506
37.96400413873214 55.84223818409612
37.98928127648825 55.8365028411412
37.98252210977105 55.830060132362576
37.97490463616896 55.82612876854858
37.97561273934852 55.81995010487427
37.97271595361215 55.816283511135595
37.970355609680055 55.814845773428814
37.96670780541943 55.81432624164984
37.97698603036454 55.81358317826789
37.98281178834518 55.81079505326865
37.99053118588962 55.7994426255933
37.97670976283585 55.78936465574254
37.982931146645974 55.783550820616206
37.97232971551473 55.78547525986916
37.96005592706248 55.78634581716892
37.95962677362072 55.77986453312942
37.95971260430904 55.773333786379034
37.96404705407714 55.76368078170887
37.963467696930415 55.75653020468718
37.959916452193944 55.75469697671113
37.95968578221908 55.75087596107869
37.947011003518604 55.75142130320215
37.92918638351054 55.750998493541935
37.908443520093876 55.75260877622813
37.895153844976846 55.75239737842968
37.88790819259944 55.748515812084996
37.89096222283958 55.741535126857954
37.88096294763158 55.743580801226656
37.87645683648648 55.740590933129674
37.864526370788525 55.735966473574535
37.85864696862821 55.7234340859382
37.869590381408855 55.72039422186618
37.899759868408395 55.71832310267848
37.89767847421285 55.70953475912125
37.91861043336498 55.70785378494345
37.925731698299174 55.712715538976404
37.92628825667027 55.71611522568641
37.93371127011904 55.71622007713446
37.93851510646437 55.710615238861145
37.9406605384004 55.70855770170588
37.94417926135197 55.70553077867304
37.93714047434454 55.68764726139863
37.935251528645395 55.678971147755774
37.93224711927297 55.67599042456448
37.91706577433925 55.67601795515849
37.91390072579226 55.671971173887044
37.922751973631875 55.66811801687763
37.937305618791456 55.66046628845533
37.91718366580781 55.65844214266
37.905381778503546 55.65292324537001
37.91576729180903 55.64394416856774
37.906197170043534 55.644599468441214
37.89265737893671 55.64366505602545
37.88837657334923 55.64382888319228
37.88400457265443 55.64196910097776
37.86997393729769 55.64948504927594
37.85995454552292 55.64494304139589
37.84447350564121 55.643642681437385
37.84548771592446 55.63969146752664
37.85423456716042 55.633734498283346
37.86804936851055 55.63211526031901
37.886037736522994 55.621417460035225
37.86876772985485 55.61752470781495
37.86367775199142 55.623011429846585
37.83936169990959 55.62305824101699
37.83169680139243 55.633011477564445
37.837305727865655 55.639783398967005
37.82723558783141 55.63782892191908
37.81888206156609 55.64034080002086
37.795613136465306 55.624832970885656
37.783635351160804 55.61882539018272
37.796872532726994 55.61591840522705
37.80618997631218 55.61013929863367
37.8381667216552 55.60455369773901
37.834952884722355 55.59167705205952
37.81003440077156 55.58888340628139
37.79067432193664 55.58413180384641
37.7906073196291 55.57806060430229
37.78164742687363 55.57735867175973
37.773905914333355 55.580314021450356
37.75784720030011 55.57381737032668
37.77134198224068 55.560811867805654
37.77488733910306 55.55683008054825
37.77465614567239 55.549149974211154
37.75479602321444 55.54809400352681
37.75152809374126 55.54948866013021
37.74800585385758 55.54731505596576
37.727489137655745 55.553218728789275
37.70745581103761 55.54548989826633
37.69360229398937 55.5433078953419
37.68183680349554 55.53499311690513
37.66279642091146 55.528005403013985
37.6383416898244 55.53726569994645
37.61993451471038 55.54403636422781
37.60678271548387 55.54430681599809
37.6107970539519 55.52978038765836
37.594925277433305 55.53142251644217
37.58870600294354 55.53282771158434
37.58284978366712 55.53722967980655
37.58180994917556 55.53358950551705
37.57202031757467 55.538973367448534
37.56871460278949 55.53515985326716
37.564378919742666 55.5373819703938
37.5569533319109 55.534444503173326
37.53967928921548 55.53443603470745
37.521772553511845 55.5286874510562
37.517023663911644 55.525814430970954
37.51090148329471 55.52800480342089
37.498657122061815 55.53121684581919
37.499287364100525 55.54065883133221
37.48861615699465 55.540414953295794
37.488430394750104 55.545646355470964
37.47722596468712 55.54345029108828
37.471858021441165 55.540670072635415
37.46872167609482 55.53350883639889
37.44876251580702 55.53102000262899
37.445243457580276 55.53759146695021
37.44502888085925 55.54564609087885
37.43101702096557 55.55220293692341
37.43295720114856 55.55685715192149
37.47060294773868 55.58329711744382
37.482379731445114 55.60037362701417
37.46783759024381 55.60276473383426
37.45878861310558 55.60651617397344
37.45474585356782 55.605663981723765
37.44761318924518 55.616471590174534
37.43712441089213 55.614087531409105
37.42569149496662 55.614375204930035
37.420146698380755 55.61816220264866
37.422003004352675 55.6268767282
37.419749647626745 55.63275454224484
37.412254465991914 55.63268147249368
37.41033827910772 55.63115171800967
37.40208457714507 55.630775280435195
37.39074794833216 55.63233510057511
37.38799438836639 55.63389485837651
37.38052711846888 55.63952667474846
37.36795292260666 55.639526674733034
37.36258850457683 55.6424393641822
37.358772873660556 55.64140070055669
37.352487693090524 55.64491038116128
37.34418199779879 55.647330964478456
37.344825637911114 55.651014493774994
37.34536203468832 55.65375392344033
37.34966427543549 55.655075038838746
37.34641341559637 55.65610495455693
37.344310473677524 55.65508079333397
37.34375248415128 55.65560948793343
37.34191097809617 55.65569940154956
37.32767075324999 55.66116829634263
37.328919132953565 55.66493341364599
37.3293521211156 55.66760666960833
37.32838164079287 55.66935974243045
37.32775448322378 55.670870199035114
37.32671474480612 55.67262981584037
37.32575106692104 55.674354230950634
37.32386375045519 55.67553167294724
37.32231975674254 55.677194079847126
37.322836658234024 55.680082217910794
37.33656408476478 55.692984857968064
37.331130823833846 55.69394046275767
37.326843124131074 55.69285469086449
37.3238467194754 55.6951917093866
37.320421161378015 55.698013328831536
37.318250919009 55.703570758460515
37.31844102057261 55.707140484696076
37.32369513275699 55.70736613734521
37.32785188617741 55.705491211918655
37.326497035348844 55.701791073827145
37.34092581110603 55.700280171297614
37.35002847413081 55.706794809570816
37.345566430842155 55.707405607470434
37.347284197123265 55.71276531934188
37.339733401560935 55.716021729710704
37.33393379511867 55.717902203799774
37.3366129866486 55.7219429471954
37.34061333375583 55.72347874347168
37.337161194300634 55.72457094462126
37.32864917280714 55.7231737084382
37.31981783198762 55.72219046503489
37.31428636262743 55.72160194525109
37.31253144356054 55.7275045276957
37.30591881321062 55.73157709927204
37.30086585635285 55.72918744436885
37.30409003405177 55.72484406337948
37.30450049326261 55.718554309002464
37.30971747102793 55.70819301434487
37.29690422328753 55.70700115490019
37.28316825250086 55.71121617475949
37.285689550547524 55.70284249069932
37.2707281994489 55.70364737376929
37.26907060506436 55.70513075548995
37.27039561631614 55.710049637526275
37.26798162820342 55.71600961686003
37.266672710203984 55.717366232521115
37.26388321282873 55.7179960737008
37.27744446160824 55.724269704068725
37.27740154626416 55.72651004107012
37.27540598275712 55.72700047600079
37.275352338576575 55.73000652531186
37.27229462029965 55.73092978685537
37.270835498596135 55.73548220505161
37.26943060938635 55.7369769038287
